1 45
0
1
100
2 45
0
1
110
3 45
0
2
101
102
4 45
0
2
104
105
5 45
1
6 45
0
0
7 45
1
8 45
0
2
105
106
9 70
0
0
10 70
1
11 70
0
1
111
12 70
0
3
112
113
114
13 70
1
14 70
0
2
115
116
15 70
0
1
117
16 70
0
3
118
119
120
17 70
1
18 95
0
0
19 95
1
20 95
0
0
21 95
0
1
101
22 95
0
2
102
103
23 95
0
2
104
106
24 95
1
25 80
0
0
26 80
0
2
107
108
27 80
0
1
117
28 80
0
0
29 80
1
63 80
0
1
111
31 80
0
3
112
113
114
32 80
1
33 80
0
1
115
34 80
0
2
116
117
35 80
0
3
118
119
120
36 80
1
37 63
0
2
110
101
38 63
1
39 63
0
3
102
103
104
40 30
0
1
105
41 30
0
2
106
107
42 30
0
3
108
116
110
43 30
1
44 30
0
0
45 30
0
2
111
112
46 63
0
1
113
47 63
0
0
48 63
1
49 63
0
2
114
115
51 51
0
0
